trial_type,workspace,trial_name,agent_name,model,total_milestones,total_turns,total_cost_usd,total_duration_ms,total_wall_clock_ms,total_tool_calls,total_subagent_calls,unique_session_count,total_input_tokens,total_output_tokens,total_cache_read_tokens,resolved,resolve_rate,failed,error,not_run,tool_read,tool_edit,tool_write,tool_shell,tool_search,tool_plan,tool_subagent,tool_other,mean_score_full,mean_score_reliable,mean_score_precision,mean_score_recall,sum_score_full
e2e,dubbo,_claude-code_deepseek-v4-pro_run_002,claude-code,deepseek-v4-pro,12,676,0.09510059800000001,19375000,20223177,1231,381,1,4582394,19770,0,1,0.08333333333333333,11,0,0,0,0,0,0,0,0,0,0,0.4090247557404522,0.09822865174348895,0.09410592540599415,0.4166666666666667,4.908297068885426
e2e,dubbo,_claude-code_fable-5-with-leak_run_002,claude-code,claude-fable-5-with-leak,12,392,169.64001549999998,10876000,8865000,436,0,1,28942,313231,137413183,8,0.6666666666666666,4,0,0,24,0,6,295,0,0,1,29,0.7291394888148041,0.7207207207207208,0.7351938391208969,0.7291666666666666,8.749673865777648
e2e,dubbo,_claude-code_glm-5.1_refine_run_002,claude-code,glm-5.1,12,702,21.588262519999997,21784000,18469000,1017,272,1,2083551,188277,68626432,2,0.16666666666666666,10,0,0,297,164,29,142,265,27,1,15,0.2868066902323088,0.17734913805256836,0.1770179221076854,0.3333333333333333,3.441680282787706
e2e,dubbo,_claude-code_glm-5.2-1m_run_002,claude-code,glm-5.2-1m,12,609,67.09955528,15521000,12167000,761,199,1,1097262,514556,243459008,3,0.25,9,0,0,222,124,20,299,0,0,8,44,0.7082306417075347,0.6316976384049555,0.7169060495387929,0.7083333333333334,8.498767700490417
e2e,dubbo,_claude-code_glm-5.2_run_002,claude-code,glm-5.2,12,1083,10.78119068,29683000,21138000,1924,241,1,1266001,567846,25039488,0,0.0,12,0,0,589,283,57,862,0,0,2,102,0.7241733347092363,0.5125832151287834,0.5427079675282108,0.724780701754386,8.690080016510835
e2e,dubbo,_claude-code_glm-5_refine_run_002,claude-code,glm-5,12,398,8.275111800000001,5361000,3801000,430,0,1,1255637,92139,33623150,6,0.5,6,0,0,123,63,43,81,89,15,0,0,0.5,0.5,0.6906283025738417,0.5,6.0
e2e,dubbo,_claude-code_kimi-k2.6_run_002,claude-code,kimi-k2.6,12,923,18.14491712,15333000,5952000,1327,150,1,2255440,336465,91602432,0,0.0,12,0,0,424,169,37,303,304,35,0,6,0.24980780870775698,0.15185185185185182,0.12664071217181647,0.25,2.997693704493084
e2e,dubbo,_claude-code_kimi-k3_run_002,claude-code,kimi-k3,12,855,14.7659106,25821000,30963000,1058,0,1,624091,190868,33435392,7,0.5833333333333334,5,0,0,157,170,53,569,0,0,1,86,0.8284126146256158,0.6928837260213995,0.745287332607576,0.8289473684210527,9.940951375507389
e2e,dubbo,_claude-code_opus-4.5_run_002,claude-code,claude-opus-4-5-20251101,12,731,54.605366700000005,5348940,5326462,869,111,1,165654,224791,74993980,1,0.08333333333333333,11,0,0,291,149,33,116,176,51,4,0,0.37082895909979113,0.21017489246780963,0.19580824833495156,0.4166666666666667,4.449947509197494
e2e,dubbo,_claude-code_opus-4.6_run_002,claude-code,claude-opus-4-6,12,1073,61.669007300000004,10440346,10408523,1629,835,1,622371,432107,84664658,3,0.25,9,0,0,522,188,44,458,224,66,31,20,0.45435437309873167,0.3309965544659422,0.38763251803630266,0.5,5.45225247718478
e2e,dubbo,_claude-code_opus-4.7-xhigh-1m_run_002,claude-code,claude-opus-4-7[1m],12,348,53.62109825,2194000,1772000,363,0,1,2692,136653,89771939,3,0.25,9,0,0,107,69,21,129,0,13,0,6,0.3711177071570706,0.32782195129133906,0.3334847642278413,0.4166666666666667,4.453412485884847
e2e,dubbo,_claude-code_opus-4.7-xhigh_run_002,claude-code,claude-opus-4-7,12,948,43.29527075,17974000,30369000,1050,129,2,669252,251007,56447734,4,0.3333333333333333,8,0,0,260,166,36,391,124,34,2,7,0.6631467769154703,0.37758690554873636,0.3608250672014513,0.6666666666666666,7.957761322985644
e2e,dubbo,_claude-code_opus-4.8_run_002,claude-code,claude-opus-4-8,12,998,47.9568415,23943000,20809000,1731,1561,1,47836,261016,34554948,5,0.4166666666666667,7,0,0,545,216,47,418,223,0,2,280,0.6506029507100793,0.5594196088960487,0.627497596551157,0.6666666666666666,7.8072354085209525
e2e,dubbo,_claude-code_qwen3.6-27b_run_002,claude-code,qwen3.6-27b,12,657,3.842039868,28661000,180942654,1252,645,4,53287744,278559,2200576,1,0.08333333333333333,11,0,0,0,0,0,0,0,0,0,0,0.5815067442703772,0.3522991590624441,0.3564874355804715,0.5833333333333334,6.978080931244526
e2e,dubbo,_claude-code_sonnet-4.5_run_002,claude-code,claude-sonnet-4-5-20250929,12,151,5.739335350000001,950568,941556,161,0,1,60724,42214,14005777,1,0.08333333333333333,11,0,0,51,25,7,52,12,13,0,0,0.08333333333333333,0.08333333333333333,0.0834610747834198,0.08333333333333333,1.0
e2e,dubbo,_claude-code_sonnet-4.6_run_002,claude-code,claude-sonnet-4-6,12,1175,49.99322024999999,12234000,22503590,1567,527,1,608909,722566,104624758,1,0.08333333333333333,11,0,0,550,170,50,522,141,56,43,0,0.37094878066230536,0.25723371599722145,0.24025292966134534,0.4166666666666667,4.4513853679476645
e2e,dubbo,_codex_gpt-5.2-codex_run_002,codex,gpt-5.2-codex,12,748,25.094712299999998,8211735,8201129,747,0,1,88566506,400959,84784896,0,0.0,12,0,0,0,0,0,534,0,33,0,155,0.2617870950207651,0.08301570786255846,0.067118691004885,0.3333333333333333,3.141445140249181
e2e,dubbo,_codex_gpt-5.2_run_002,codex,gpt-5.2,12,1237,47.073310199999995,12199000,12104218,1307,0,1,157125876,519689,147751424,3,0.25,9,0,0,0,0,0,0,0,72,0,1224,0.6621570125276758,0.30489187008774343,0.2843885534998179,0.6666666666666666,7.94588415033211
e2e,dubbo,_codex_gpt-5.3-codex_run_002,codex,gpt-5.3-codex,12,1130,11.45791745,39705000,50470642,1602,0,1,42791524,161937,41439744,2,0.16666666666666666,10,0,0,0,0,0,0,0,0,0,1570,0.6619275487766311,0.2863058930691781,0.25431745868326905,0.6666666666666666,7.943130585319573
e2e,dubbo,_codex_gpt-5.4_run_002,codex,gpt-5.4,12,918,52.47216,12348000,12271463,1701,0,1,117576414,986715,113897600,3,0.25,9,0,0,0,0,0,0,0,0,0,0,0.6621570125276758,0.30489187008774343,0.28446738615452866,0.6666666666666666,7.94588415033211
e2e,dubbo,_codex_gpt-5.5_run_002,codex,gpt-5.5,12,1033,96.17484499999999,2399000,6340000,1623,0,1,100532557,445273,92498560,1,0.08333333333333333,11,0,0,0,0,0,0,0,22,0,1558,0.6611071984488223,0.21003341653074412,0.17597464109195662,0.6666666666666666,7.933286381385868
e2e,dubbo,_codex_gpt-5.6-sol_run_002,codex,gpt-5.6-sol,12,945,89.595758,12839000,11981000,944,0,1,123534640,520721,120822016,7,0.5833333333333334,5,0,0,0,0,0,0,0,0,0,910,0.8477156046600678,0.7210014601964537,0.7674985145573382,0.8482142857142857,10.172587255920813
e2e,dubbo,_gemini-cli_gemini-3-flash_run_002,gemini-cli,gemini-3-flash,12,960,3.1306937,9315000,41027589,957,0,2,2752453,98474,0,1,0.08333333333333333,11,0,0,325,172,53,339,48,0,0,0,0.3690661112382896,0.1300006532040835,0.1182141588680642,0.4166666666666667,4.428793334859475
e2e,dubbo,_gemini-cli_gemini-3-pro_run_002,gemini-cli,gemini-3-pro,12,546,99.2135076999999,16638037,16638037,490,0,1,10719288,269189,0,1,0.08333333333333333,11,0,0,116,111,30,199,2,0,0,0,0.3664095763710528,0.10229763750324104,0.10052936758534214,0.4166666666666667,4.3969149164526335
e2e,dubbo,_gemini-cli_gemini-3.1-pro_run_002,gemini-cli,gemini-3.1-pro,12,701,6.3037222,17330000,20525771,701,0,2,1213332,58767,0,2,0.16666666666666666,10,0,0,0,110,47,515,0,0,0,0,0.4318214590151929,0.23072634368180925,0.22287194335368085,0.4583333333333333,5.181857508182315
e2e,dubbo,_gemini-cli_gemini-3.5-flash_run_002,gemini-cli,gemini-3.5-flash,12,961,92.9950545499999,9046000,0,0,0,1,25803356,447526,0,2,0.16666666666666666,10,0,0,0,0,0,0,0,0,0,0,0.5796322098616858,0.24568516397784693,0.24530989135296508,0.5833333333333334,6.955586518340231
e2e,dubbo,_openhands_gemini-3-flash_run_002,openhands,gemini-3-flash,12,602,5.4522318000000025,11597158,11597158,1079,0,1,37987626,336115,0,1,0.08333333333333333,11,0,0,0,0,0,0,0,0,0,1055,0.49991536209575976,0.4240460927960928,0.43064630384233177,0.5,5.998984345149117
e2e,dubbo,_openhands_glm-5_run_002,openhands,glm-5,12,2111,22.506708,27988232,27988232,2003,0,1,67450056,437961,0,0,0.0,12,0,0,0,0,0,0,0,0,0,0,0.08332125253696723,0.07777777777777778,0.15839597737499336,0.08333333333333333,0.9998550304436068
e2e,dubbo,_openhands_gpt-5.3-codex_run_002,openhands,gpt-5.3-codex,12,699,22.49045539999999,78126423,78126423,14667,0,1,40711684,316116,0,1,0.08333333333333333,1,0,10,0,0,0,0,0,0,0,14471,0.08333333333333333,0.08333333333333333,0.08536585365853659,0.08333333333333333,1.0
e2e,dubbo,_openhands_kimi-k2.5_run_002,openhands,kimi-k2.5,12,1029,5.194716116000002,14264940,0,1955,0,1,33412099,343089,0,3,0.25,9,0,0,0,0,0,0,0,0,0,1919,0.5567718355737659,0.46017678279986446,0.4840329295440935,0.5745614035087719,6.68126202688519
e2e,dubbo,_openhands_kimi-k2.6_run_002,openhands,kimi-k2.6,12,4515,58.5353028,97810763,97810763,4302,0,1,135346502,3674017,0,0,0.0,12,0,0,0,0,0,0,0,0,0,4302,0.37465074130236015,0.20280228758169935,0.16227289364078798,0.375,4.495808895628322
e2e,dubbo,_openhands_minimax-m2.5_run_002,openhands,minimax-m2.5,12,2867,5.75205624,101224172,101224172,4136,0,1,90015955,955091,0,0,0.0,12,0,0,0,0,0,0,0,0,0,3985,0.6824495638479321,0.4381077795940235,0.3870196102889966,0.6831140350877193,8.189394766175186
e2e,dubbo,_openhands_opus-4.6_run_002,openhands,claude-opus-4-6,12,1550,56.36484625000001,10756583,10756583,1500,0,1,59445452,437896,0,2,0.16666666666666666,10,0,0,0,0,0,0,0,0,0,1474,0.49995163802837855,0.4547008547008547,0.43613346194161795,0.5,5.999419656340542
e2e,ripgrep,_claude-code_deepseek-v4-pro_run_002,claude-code,deepseek-v4-pro,11,743,1.740632785,20377000,20451515,1050,267,1,75140945,532456,0,4,0.36363636363636365,7,0,0,0,0,0,0,0,0,0,0,0.7422938857623289,0.5533247230612965,0.6449383949383948,0.7451298701298701,8.165232743385618
e2e,ripgrep,_claude-code_fable-5-with-leak_run_002,claude-code,claude-fable-5-with-leak,11,440,193.521711,12472000,10749000,556,0,1,50684,312372,168702546,6,0.5454545454545454,5,0,0,96,159,3,191,0,0,0,34,0.9985926717607206,0.7931951089845828,0.7350649350649352,1.0,10.984519389367927
e2e,ripgrep,_claude-code_glm-5.1_refine_run_002,claude-code,glm-5.1,11,948,32.23599032,30500000,31272000,1216,381,2,3636234,354632,98403392,5,0.45454545454545453,6,0,0,288,98,3,143,142,32,0,14,0.5555703273226634,0.48437939769209115,0.6208333333333333,0.5568181818181818,6.111273600549298
e2e,ripgrep,_claude-code_glm-5.2-1m_run_002,claude-code,glm-5.2-1m,11,650,66.30945360000001,14645000,12322000,689,0,1,1477858,494961,238702400,2,0.18181818181818182,9,0,0,189,112,2,296,0,0,0,38,0.7127136308020577,0.49079001806274536,0.6130952380952381,0.7142857142857143,7.839849938822635
e2e,ripgrep,_claude-code_glm-5.2_run_002,claude-code,glm-5.2,11,1066,35.31696,20409000,19203000,1162,0,1,2626174,912293,106254720,6,0.5454545454545454,5,0,0,231,172,7,568,0,0,0,42,0.7832115300085676,0.6867327634030811,0.6726190476190476,0.7840909090909091,8.615326830094244
e2e,ripgrep,_claude-code_glm-5_refine_run_002,claude-code,glm-5,11,650,13.177728000000002,6700000,6259000,661,0,1,2006272,133362,53723488,1,0.09090909090909091,10,0,0,214,96,7,149,122,18,0,0,0.5096160094959463,0.3701816941083415,0.5181777669745584,0.5128787878787878,5.605776104455409
e2e,ripgrep,_claude-code_kimi-k2.6_run_002,claude-code,kimi-k2.6,11,1360,27.010284449999997,19823000,18893000,1523,218,1,4189091,601754,128897700,4,0.36363636363636365,7,0,0,447,174,2,300,378,38,0,3,0.8845621402839593,0.6667802785449845,0.61489898989899,0.8863636363636364,9.730183543123552
e2e,ripgrep,_claude-code_kimi-k3_run_002,claude-code,kimi-k3,11,1367,57.44298119999999,10755000,57469000,1485,212,1,2489940,553514,138901504,6,0.5454545454545454,5,0,0,395,236,3,414,0,0,1,53,0.9641193888718046,0.7492671986647891,0.7097402597402597,0.9659090909090909,10.60531327758985
e2e,ripgrep,_claude-code_opus-4.5_run_002,claude-code,claude-opus-4-5-20251101,11,648,51.484315249999995,4907000,4806000,679,26,1,12397,240387,67966599,1,0.09090909090909091,10,0,0,202,119,2,148,102,32,0,1,0.7251022113420064,0.5745834808677284,0.5997474747474748,0.7265151515151514,7.97612432476207
e2e,ripgrep,_claude-code_opus-4.6_run_002,claude-code,claude-opus-4-6,11,843,57.78176515,6674000,18715666,1021,400,1,184884,394279,75304015,3,0.2727272727272727,8,0,0,322,145,2,252,125,34,11,0,0.7006690911545389,0.6184018259293302,0.653236914600551,0.7021645021645021,7.707360002699928
e2e,ripgrep,_claude-code_opus-4.7-xhigh-1m_run_002,claude-code,claude-opus-4-7[1m],11,493,96.387396,4161000,3793000,499,0,1,2188,221201,173519962,5,0.45454545454545453,6,0,0,109,117,1,128,52,14,0,3,0.9244740658507713,0.6933906808164402,0.6580873671782762,0.926948051948052,10.169214724358485
e2e,ripgrep,_claude-code_opus-4.7-xhigh_run_002,claude-code,claude-opus-4-7,11,819,28.53353275,2239000,13986000,817,6,2,274069,146005,38062688,2,0.18181818181818182,9,0,0,210,130,1,203,95,33,0,1,0.9745588748928189,0.6806022260567715,0.5938228438228438,0.9772727272727273,10.720147623821008
e2e,ripgrep,_claude-code_opus-4.8_run_002,claude-code,claude-opus-4-8,11,704,178.573637,16956000,14942000,864,281,1,156082,730507,274722179,3,0.2727272727272727,8,0,0,282,158,3,201,86,0,4,70,0.9749552508448882,0.7290423717696443,0.6626623376623377,0.9772727272727273,10.72450775929377
e2e,ripgrep,_claude-code_qwen3.6-27b_run_002,claude-code,qwen3.6-27b,11,696,4.27315819,34713000,49732096,961,363,2,61393286,313994,0,1,0.09090909090909091,10,0,0,0,0,0,0,0,0,0,0,0.36302256424760965,0.3206876456876457,0.5645021645021645,0.3641774891774892,3.993248206723706
e2e,ripgrep,_claude-code_sonnet-4.5_run_002,claude-code,claude-sonnet-4-5-20250929,11,650,30.12886225,5255000,5234000,741,111,1,24802,245907,65729663,1,0.09090909090909091,10,0,0,125,114,2,190,69,46,0,0,0.43239311854687706,0.2878709118237543,0.37095537939693785,0.4396464646464647,4.7563243040156475
e2e,ripgrep,_claude-code_sonnet-4.6_run_002,claude-code,claude-sonnet-4-6,11,826,44.57223385,12069000,22611578,1058,273,1,352657,730893,80030467,3,0.2727272727272727,8,0,0,312,139,3,263,107,35,7,0,0.7009165750680846,0.6225976301251345,0.6557621671258035,0.7021645021645021,7.71008232574893
e2e,ripgrep,_codex_gpt-5.2-codex_run_002,codex,gpt-5.2-codex,11,544,17.833202800000002,4344000,4405000,540,0,1,68881136,383015,67238656,1,0.09090909090909091,10,0,0,0,0,0,0,0,17,0,464,0.2583512390553462,0.1715456956836267,0.1472107438016529,0.25974025974025977,2.841863629608808
e2e,ripgrep,_codex_gpt-5.2_run_002,codex,gpt-5.2,11,543,22.6604021,5625000,5530524,605,0,1,65166822,404416,60148352,1,0.09090909090909091,10,0,0,0,0,0,0,0,51,0,471,0.24561344398665333,0.1699134199134199,0.14805194805194805,0.24675324675324675,2.7017478838531868
e2e,ripgrep,_codex_gpt-5.3-codex_run_002,codex,gpt-5.3-codex,11,1037,14.054023899999999,4941000,153761323,1282,0,1,58330746,275004,57431168,0,0.0,11,0,0,0,0,0,0,0,0,0,1196,0.5283056131818572,0.24039571295425902,0.17047439535477815,0.5340909090909091,5.811361745000429
e2e,ripgrep,_codex_gpt-5.4_run_002,codex,gpt-5.4,11,514,26.754324,6058000,6217559,986,0,1,65854608,523668,64772096,6,0.5454545454545454,5,0,0,0,0,0,0,0,0,0,0,0.9871563746272375,0.7819033984388315,0.728860028860029,0.9886363636363636,10.858720120899612
e2e,ripgrep,_codex_gpt-5.5_run_002,codex,gpt-5.5,11,795,85.723659,4442000,5110000,1172,0,1,96694233,337744,89911168,6,0.5454545454545454,5,0,0,0,0,0,0,0,10,0,894,0.9863293098599754,0.7450478297650811,0.6998556998556998,0.9886363636363636,10.849622408459728
e2e,ripgrep,_codex_gpt-5.6-sol_run_002,codex,gpt-5.6-sol,11,723,70.348227,9992000,9335000,721,0,1,92682621,508679,90738944,6,0.5454545454545454,5,0,0,0,0,0,0,0,0,0,572,0.9865776969994827,0.7561589408761922,0.7097763347763348,0.9886363636363636,10.85235466699431
e2e,ripgrep,_gemini-cli_gemini-3-flash_run_002,gemini-cli,gemini-3-flash,11,769,15.0554095,5866000,5732323,718,0,2,9584965,323220,0,4,0.36363636363636365,7,0,0,161,215,16,131,67,0,0,0,0.9466875629084416,0.6163617898973114,0.5719476387046045,0.952922077922078,10.413563191992857
e2e,ripgrep,_gemini-cli_gemini-3-pro_run_002,gemini-cli,gemini-3-pro,11,940,112.78771499999988,8775000,8742350,881,0,1,20836385,241368,0,5,0.45454545454545453,6,0,0,0,153,0,609,0,0,0,0,0.7585399821953718,0.656968031968032,0.6589925226288863,0.7597402597402598,8.34393980414909
e2e,ripgrep,_gemini-cli_gemini-3.1-pro_run_002,gemini-cli,gemini-3.1-pro,11,1120,77.09748087499999,10234000,10242920,1120,0,1,8291156,322766,0,2,0.18181818181818182,9,0,0,0,0,0,952,0,0,0,22,0.7099766572276967,0.44849529085669587,0.3782263488145841,0.7142857142857143,7.809743229504663
e2e,ripgrep,_gemini-cli_gemini-3.5-flash_run_002,gemini-cli,gemini-3.5-flash,11,1045,71.55964884999996,6131000,0,0,0,2,23011530,570506,0,1,0.09090909090909091,10,0,0,0,0,0,0,0,0,0,0,0.6912516902979519,0.526312620186138,0.4823560278105734,0.6931818181818182,7.60376859327747
e2e,ripgrep,_openhands_gemini-3-flash_run_002,openhands,gemini-3-flash,11,6802,41.92054369999999,201517875,0,8656,0,3,246847753,4037499,0,1,0.09090909090909091,8,0,2,0,0,0,0,0,0,0,8635,0.5070377099753887,0.3710962248992277,0.40628171668841523,0.5097402597402598,5.577414809729276
e2e,ripgrep,_openhands_glm-5_run_002,openhands,glm-5,11,2397,24.2881236,3901038,3901038,2991,0,3,70243698,923142,0,1,0.09090909090909091,10,0,0,0,0,0,0,0,0,0,0,0.6560562827004759,0.4634694892104481,0.5286862127771218,0.6584415584415585,7.216619109705235
e2e,ripgrep,_openhands_gpt-5.3-codex_run_002,openhands,gpt-5.3-codex,11,739,22.282477350000004,51774532,0,5698,0,1,44716233,448137,0,5,0.45454545454545453,6,0,0,0,0,0,0,0,0,0,5224,0.7802747886835898,0.707444523979957,0.6944444444444445,0.7808441558441559,8.583022675519487
e2e,ripgrep,_openhands_kimi-k2.5_run_002,openhands,kimi-k2.5,11,1427,7.582711455999998,74451332,74451332,2962,0,1,50687936,547569,0,3,0.2727272727272727,8,0,0,0,0,0,0,0,0,0,2857,0.5356568078486154,0.5097297307850751,0.7620129870129869,0.536038961038961,5.892224886334769
e2e,ripgrep,_openhands_kimi-k2.6_run_002,openhands,kimi-k2.6,11,2538,0.0,84010642,84010642,2409,0,1,0,,0,3,0.2727272727272727,8,0,0,0,0,0,0,0,0,0,2154,0.6922268662988279,0.5606888209829386,0.6978354978354978,0.6935064935064935,7.614495529287106
e2e,ripgrep,_openhands_minimax-m2.5_run_002,openhands,minimax-m2.5,11,1102,1.9490976899999983,32918531,32918531,3084,0,1,30298050,396366,0,1,0.09090909090909091,10,0,0,0,0,0,0,0,0,0,2848,0.41136578961615017,0.3220525088946142,0.6468531468531468,0.41248196248196245,4.525023685777652
e2e,ripgrep,_openhands_opus-4.6_run_002,openhands,claude-opus-4-6,11,1117,41.63104324999999,36699972,36699972,1513,0,3,42207171,340988,0,2,0.18181818181818182,9,0,0,0,0,0,0,0,0,0,1280,0.5971854604476778,0.52807548560299,0.6586481700118064,0.5982683982683983,6.569040064924456
e2e,element-web,_claude-code_deepseek-v4-pro_run_002,claude-code,deepseek-v4-pro,18,1346,2.819873146,44863000,45073416,2337,1040,1,125207918,794642,0,2,0.1111111111111111,16,0,0,0,0,0,0,0,0,0,0,0.5183640446973413,0.30941549529733314,0.3095970370886946,0.5218311196041081,9.330552804552143
e2e,element-web,_claude-code_fable-5-with-leak_run_002,claude-code,claude-fable-5-with-leak,18,830,461.46925550000003,27250000,25278000,1030,0,1,152279,735744,391807803,4,0.2222222222222222,14,0,0,151,132,84,608,0,0,0,55,0.8564082261995015,0.5668967187719117,0.5001861891613483,0.8591329966329967,15.415348071591028
e2e,element-web,_claude-code_glm-5.1_refine_run_002,claude-code,glm-5.1,18,1372,40.970755,35169000,37069000,2226,885,2,3678461,337542,132060480,1,0.05555555555555555,17,0,0,791,331,52,273,688,61,0,30,0.6011539714562851,0.3831087650793411,0.3906441997657634,0.6052697754565571,10.820771486213133
e2e,element-web,_claude-code_glm-5.2-1m_run_002,claude-code,glm-5.2-1m,18,739,96.36558352,17342000,15364000,783,26,1,840712,492298,357778752,4,0.2222222222222222,14,0,0,143,220,20,344,0,0,4,52,0.6493632988940221,0.3292620448422566,0.2908661126400846,0.6568203401536734,11.688539380092397
e2e,element-web,_claude-code_glm-5.2_run_002,claude-code,glm-5.2,18,1452,13.21283768,28120000,27030000,2525,457,1,1741170,675172,30017088,4,0.2222222222222222,14,0,0,757,371,90,1105,0,0,3,199,0.7702783855188399,0.46717278108733773,0.41231848266120974,0.778369161702495,13.865010939339118
e2e,element-web,_claude-code_glm-5_refine_run_002,claude-code,glm-5,18,564,11.915651,7550000,6878000,761,243,1,1801205,146249,48232246,0,0.0,18,0,0,262,115,23,109,220,23,0,9,0.13008626410447313,0.0639283906733802,0.07861533324041056,0.19288817291690857,2.3415527538805163
e2e,element-web,_claude-code_kimi-k2.6_run_002,claude-code,kimi-k2.6,18,5181,98.21995311,36632000,54191000,6777,4456,1,6702801,798720,554108826,3,0.16666666666666666,15,0,0,5063,413,71,547,595,77,0,11,0.7995774973412086,0.5453404085078453,0.48625964735871857,0.801910897744231,14.392394952141755
e2e,element-web,_claude-code_kimi-k3_run_002,claude-code,kimi-k3,18,2528,94.54959149999999,25181000,49194000,3126,1984,2,4604027,786991,229775485,2,0.1111111111111111,16,0,0,923,588,73,1254,0,0,0,288,0.6561317491287323,0.35724363752292604,0.3830778629985111,0.6638954409787742,11.810371484317182
e2e,element-web,_claude-code_opus-4.5_run_002,claude-code,claude-opus-4-5-20251101,18,905,62.7896176,6651008,6622503,1190,413,1,248186,281313,86734360,1,0.05555555555555555,17,0,0,423,176,58,220,267,34,12,0,0.49547202235782184,0.33566714286765087,0.4015782732395932,0.4970800564909761,8.918496402440793
e2e,element-web,_claude-code_opus-4.6_run_002,claude-code,claude-opus-4-6,18,1535,101.37844165,10843000,10913500,2216,817,1,297703,573810,147519594,2,0.1111111111111111,16,0,0,777,372,47,303,597,92,28,0,0.6679778892563053,0.4303039360972411,0.4758412393061817,0.6713603180557205,12.023602006613496
e2e,element-web,_claude-code_opus-4.7-xhigh-1m_run_002,claude-code,claude-opus-4-7[1m],18,628,102.8536975,6025000,5190000,627,0,1,2379,181214,189842630,5,0.2777777777777778,13,0,0,145,114,35,296,0,34,1,2,0.6053354357183565,0.48815150144258507,0.49259687655749773,0.6065802253302253,10.896037842930417
e2e,element-web,_claude-code_opus-4.7-xhigh_run_002,claude-code,claude-opus-4-7,18,1276,71.43295325000001,6319000,18924000,1382,139,1,946568,355917,97795264,4,0.2222222222222222,14,0,0,377,320,52,437,153,37,0,6,0.7378076792100068,0.5258991434857928,0.48398723962666534,0.7402783173616506,13.280538225780122
e2e,element-web,_claude-code_opus-4.8_run_002,claude-code,claude-opus-4-8,18,2406,71.32523275,22095000,19037000,3008,2847,1,217761,427611,75867668,4,0.2222222222222222,14,0,0,694,377,104,1440,121,0,1,271,0.7942983201814567,0.6330569188869573,0.6452233701651701,0.7970319803653136,14.297369763266222
e2e,element-web,_claude-code_qwen3.6-27b_run_002,claude-code,qwen3.6-27b,18,1729,10.238893198,41615000,202063094,3085,1433,13,131220670,671636,19053056,2,0.1111111111111111,16,0,0,0,0,0,0,0,0,0,0,0.4831589287836727,0.2907293833871753,0.32082340771330364,0.4887929652297468,8.696860718106109
e2e,element-web,_claude-code_sonnet-4.5_run_002,claude-code,claude-sonnet-4-5-20250929,18,972,25.129886649999996,5256572,15649099,1149,242,3,203207,180259,50420038,1,0.05555555555555555,13,0,4,344,139,42,288,232,93,11,0,0.4029907915082419,0.29551167184755806,0.3091569890148046,0.40498799572075433,7.253834247148355
e2e,element-web,_claude-code_sonnet-4.6_run_002,claude-code,claude-sonnet-4-6,18,1623,70.50902445,16987000,27247868,2099,516,1,992831,843836,156158909,2,0.1111111111111111,16,0,0,682,224,49,835,229,53,27,0,0.6326352369156445,0.43739746094107923,0.455955398508591,0.6346350621494299,11.3874342644816
e2e,element-web,_codex_gpt-5.2-codex_run_002,codex,gpt-5.2-codex,18,1555,51.40909235000001,19439984,19382796,1553,0,1,189145541,1003070,182889472,2,0.1111111111111111,16,0,0,0,0,0,1217,0,22,0,314,0.6354160422422173,0.18293844939102058,0.15258361727552283,0.6595964991798325,11.43748876035991
e2e,element-web,_codex_gpt-5.2_run_002,codex,gpt-5.2,18,1627,61.424424249999994,14724000,14650156,1730,0,1,206952463,926842,196046080,2,0.1111111111111111,16,0,0,0,0,0,0,0,77,0,1653,0.6576102511693135,0.2999855144088299,0.2804283504938407,0.6706340727174062,11.836984521047643
e2e,element-web,_codex_gpt-5.3-codex_run_002,codex,gpt-5.3-codex,18,735,19.977261849999998,24336000,23602541,1017,0,1,77045687,318377,74751232,3,0.16666666666666666,15,0,0,0,0,0,0,0,0,0,1017,0.5643714093669046,0.40804389492425125,0.4055962467521018,0.5665094935928269,10.158685368604282
e2e,element-web,_codex_gpt-5.4_run_002,codex,gpt-5.4,18,1248,67.6783915,14025000,13986990,2274,0,1,172313017,1173095,169200256,0,0.0,18,0,0,0,0,0,0,0,0,0,0,0.6062364155940491,0.2115354067440603,0.1567844891545521,0.6161231781203046,10.912255480692883
e2e,element-web,_codex_gpt-5.5_run_002,codex,gpt-5.5,18,1809,141.706273,7101000,10337000,3144,0,1,185351363,593909,177244416,1,0.05555555555555555,17,0,0,0,0,0,0,0,9,0,3135,0.6367616691524822,0.32340875789557144,0.3573181668082085,0.6450847577284358,11.46171004474468
e2e,element-web,_codex_gpt-5.6-sol_run_002,codex,gpt-5.6-sol,18,1446,132.064285,18479000,17870000,1444,0,1,180515897,847872,176878080,1,0.05555555555555555,17,0,0,0,0,0,0,0,32,0,1412,0.6664593589758286,0.3344248867501474,0.335968128831156,0.6730661313994647,11.996268461564915
e2e,element-web,_gemini-cli_gemini-3-flash_run_002,gemini-cli,gemini-3-flash,18,1263,25.80976643,14348000,14269873,1262,0,2,33071350,515879,0,1,0.05555555555555555,17,0,0,358,405,56,372,71,0,0,0,0.623694096589887,0.28385037834351307,0.2843402641614224,0.6300937488437488,11.226493738617965
e2e,element-web,_gemini-cli_gemini-3-pro_run_002,gemini-cli,gemini-3-pro,18,804,164.21130088000012,20484745,20484745,803,0,1,17090758,349733,0,0,0.0,18,0,0,254,273,33,101,95,0,0,1,0.23548697152773826,0.15739142442912418,0.1588398932381782,0.3066561897021667,4.238765487499289
e2e,element-web,_gemini-cli_gemini-3.1-pro_run_002,gemini-cli,gemini-3.1-pro,18,861,164.95060182499998,13323000,13334286,755,0,1,19445236,305414,0,2,0.1111111111111111,16,0,0,0,6,14,735,0,0,0,0,0.14871825247810977,0.1511111111111111,0.17105263157894737,0.1488095238095238,2.676928544605976
e2e,element-web,_gemini-cli_gemini-3.5-flash_run_002,gemini-cli,gemini-3.5-flash,18,1021,90.01333814999988,6507000,0,0,0,1,34418564,315497,0,4,0.2222222222222222,14,0,0,0,0,0,0,0,0,0,0,0.6580643347901246,0.511175301469681,0.48972813137704363,0.6593035051368384,11.845158026222244
e2e,element-web,_openhands_gemini-3-flash_run_002,openhands,gemini-3-flash,18,1117,8.621206450000006,86443178,0,1961,0,3,50023808,572193,0,2,0.1111111111111111,16,0,0,0,0,0,0,0,0,0,1918,0.27626468999625753,0.16729148122729168,0.18365602624902483,0.30097017180350516,4.972764419932636
e2e,element-web,_openhands_glm-5_run_002,openhands,glm-5,18,2874,29.7644386,34805533,34805533,2745,0,1,87603441,616640,0,1,0.05555555555555555,17,0,0,0,0,0,0,0,0,0,0,0.455022879174295,0.23520657046072924,0.19018623707061474,0.4601923238178027,8.19041182513731
e2e,element-web,_openhands_gpt-5.3-codex_run_002,openhands,gpt-5.3-codex,18,0,0.0,64983551,0,10170,0,1,0,,0,2,0.1111111111111111,1,0,15,0,0,0,0,0,0,0,10170,0.13180753744732343,0.12005965697240864,0.11680911680911682,0.13194444444444445,2.3725356740518215
e2e,element-web,_openhands_kimi-k2.5_run_002,openhands,kimi-k2.5,18,705,3.287272122,13393141,13393141,1454,0,3,22088017,209897,0,0,0.0,18,0,0,0,0,0,0,0,0,0,1454,0.28244152348766294,0.0876899050222491,0.20444190573890786,0.2891646162479496,5.083947422777933
e2e,element-web,_openhands_kimi-k2.6_run_002,openhands,kimi-k2.6,18,10702,134.37862649,83896071,83896071,10205,0,1,309172934,5723385,0,1,0.05555555555555555,17,0,0,0,0,0,0,0,0,0,10205,0.47937040009791626,0.3684417331520936,0.40254988056733343,0.48179695198373373,8.628667201762493
e2e,element-web,_openhands_minimax-m2.5_run_002,openhands,minimax-m2.5,18,741,1.26779736,20600816,20600816,1886,0,1,22206973,208212,0,0,0.0,18,0,0,0,0,0,0,0,0,0,1886,0.4229244951345875,0.15168446201885102,0.1382290766455667,0.43050372094912315,7.612640912422576
e2e,element-web,_openhands_opus-4.6_run_002,openhands,claude-opus-4-6,18,0,0.0,87353028,0,4769,0,2,0,,0,2,0.1111111111111111,12,0,4,0,0,0,0,0,0,0,4769,0.5414848022635173,0.428156352483654,0.40111962185052613,0.543013744450526,9.746726440743311
e2e,navidrome,_claude-code_deepseek-v4-pro_run_002,claude-code,deepseek-v4-pro,9,806,1.71476863,26756000,36055321,1430,582,1,79770680,412261,0,2,0.2222222222222222,6,0,1,0,0,0,0,0,0,0,0,0.2640488364503166,0.24129842941171076,0.2371764598554144,0.3213988181730117,2.3764395280528494
e2e,navidrome,_claude-code_fable-5-with-leak_run_002,claude-code,claude-fable-5-with-leak,9,457,261.634736,13563000,11052000,512,0,1,81737,429784,221274616,2,0.2222222222222222,7,0,0,88,65,29,302,0,0,0,28,0.5428126812172674,0.4100206031869291,0.5466058668165947,0.5699947825584498,4.885314130955407
e2e,navidrome,_claude-code_glm-5.1_refine_run_002,claude-code,glm-5.1,9,1173,35.98466796,12203000,11244000,1617,453,1,2424173,283309,119550208,2,0.2222222222222222,7,0,0,658,193,39,333,333,46,0,15,0.309870744487663,0.24490283991478487,0.23903828597056545,0.36620168555652427,2.788836700388967
e2e,navidrome,_claude-code_glm-5.2-1m_run_002,claude-code,glm-5.2-1m,9,520,49.58589744,12111000,11189000,564,0,1,627334,339003,181600064,1,0.1111111111111111,8,0,0,123,119,21,278,0,0,5,18,0.38129195415011835,0.2713823352689059,0.37029450372675243,0.46336121067303865,3.4316275873510653
e2e,navidrome,_claude-code_glm-5.2_run_002,claude-code,glm-5.2,9,1144,37.420904,19618000,17900000,1537,329,1,2895586,1161239,108683200,3,0.3333333333333333,6,0,0,430,208,45,749,0,0,1,104,0.42671779484856187,0.42320502528634907,0.42662693475444674,0.4528205624979818,3.840460153637057
e2e,navidrome,_claude-code_glm-5_refine_run_002,claude-code,glm-5,9,565,11.7196536,8774000,7139000,595,0,1,1777853,131379,47606939,1,0.1111111111111111,8,0,0,177,90,7,195,88,38,0,0,0.3381104896161659,0.27890034892187826,0.315880501713476,0.38774341351660935,3.042994406545493
e2e,navidrome,_claude-code_kimi-k2.6_run_002,claude-code,kimi-k2.6,9,1204,24.26413588,11635000,14232000,1599,202,1,3271276,443456,121141248,2,0.2222222222222222,7,0,0,634,240,52,284,322,60,0,7,0.5604743010227209,0.4181470740497691,0.5055503085109536,0.5985918006291521,5.044268709204488
e2e,navidrome,_claude-code_kimi-k3_run_002,claude-code,kimi-k3,9,896,39.975728399999994,7438000,53860000,1218,177,1,2190900,345458,94070528,2,0.2222222222222222,7,0,0,423,339,42,342,0,0,1,71,0.6078123692134372,0.5259923610127585,0.5688711213409113,0.6322156945947051,5.470311322920934
e2e,navidrome,_claude-code_opus-4.5_run_002,claude-code,claude-opus-4-5-20251101,9,1056,72.00941015000001,7822981,7699764,1259,377,2,408111,333417,99256113,2,0.2222222222222222,7,0,0,495,208,23,311,141,70,11,0,0.4097051835371752,0.34005617016349443,0.32758195733234274,0.46855134704597073,3.687346651834577
e2e,navidrome,_claude-code_opus-4.6_run_002,claude-code,claude-opus-4-6,9,1132,72.90025019999999,6414000,6799630,1482,478,1,366846,394252,103181424,1,0.1111111111111111,8,0,0,621,230,35,302,217,58,19,0,0.3190855199515561,0.22673053801226514,0.24114335009650625,0.3679938002518648,2.8717696795640046
e2e,navidrome,_claude-code_opus-4.7-xhigh-1m_run_002,claude-code,claude-opus-4-7[1m],9,334,50.37393125,3497000,2382000,333,0,1,2353,116190,89408345,2,0.2222222222222222,7,0,0,86,59,2,124,37,13,5,7,0.2699954516415955,0.24355923536864962,0.2393283988459148,0.33573573573573573,2.4299590647743594
e2e,navidrome,_claude-code_opus-4.7-xhigh_run_002,claude-code,claude-opus-4-7,9,999,87.84305224999999,7294000,6892000,1120,184,1,1332454,488092,110346402,2,0.2222222222222222,7,0,0,331,179,35,368,158,41,0,8,0.4698162041149659,0.3447350060869565,0.3224764138060117,0.5256998934418289,4.228345837034693
e2e,navidrome,_claude-code_opus-4.8_run_002,claude-code,claude-opus-4-8,9,810,228.41532550000002,23818000,20810000,1252,400,1,166885,1258877,335365226,3,0.3333333333333333,6,0,0,416,280,29,348,108,0,1,70,0.5512636972595816,0.45832516172158144,0.4606121535344768,0.5930037564446167,4.961373275336234
e2e,navidrome,_claude-code_qwen3.6-27b_run_002,claude-code,qwen3.6-27b,9,1154,7.578433801000001,44759000,191118294,2086,905,9,100780625,609630,8259072,1,0.1111111111111111,8,0,0,0,0,0,0,0,0,0,0,0.20794250734752062,0.21150145807460677,0.2337506199623107,0.2389615421873486,1.8714825661276855
e2e,navidrome,_claude-code_sonnet-4.5_run_002,claude-code,claude-sonnet-4-5-20250929,9,922,39.99408905,6382507,6371171,935,28,1,384338,272969,86681611,1,0.1111111111111111,8,0,0,116,114,10,182,22,31,0,0,0.20124192936593438,0.13507834059485158,0.23973005029722058,0.25986954696632114,1.8111773642934095
e2e,navidrome,_claude-code_sonnet-4.6_run_002,claude-code,claude-sonnet-4-6,9,1199,55.035288550000004,12470000,23355511,1575,420,1,580054,792763,111631797,0,0.0,9,0,0,638,189,42,451,194,39,22,0,0.24429421895874537,0.15367228045018216,0.17650305485174286,0.2796142492237569,2.1986479706287083
e2e,navidrome,_codex_gpt-5.2-codex_run_002,codex,gpt-5.2-codex,9,1180,39.13413909999999,15743036,15732263,1174,0,1,126174242,819477,119695872,1,0.1111111111111111,8,0,0,0,0,0,945,0,14,0,215,0.1915968155080697,0.13095451215646692,0.1278214421355257,0.23836417062223514,1.7243713395726272
e2e,navidrome,_codex_gpt-5.2_run_002,codex,gpt-5.2,9,1320,46.423987399999994,13418000,13275463,1351,0,1,149380588,767501,140682368,2,0.2222222222222222,7,0,0,0,0,0,0,0,52,0,1299,0.41160317547074426,0.3355055180167061,0.3171564357872692,0.45819690658400325,3.704428579236698
e2e,navidrome,_codex_gpt-5.3-codex_run_002,codex,gpt-5.3-codex,9,827,25.49839285,8744000,8699264,1030,0,1,108575435,403248,106845312,2,0.2222222222222222,7,0,0,0,0,0,0,0,4,0,1026,0.41273054500046175,0.33641431489810075,0.3180287997140479,0.4605863928444573,3.714574905004156
e2e,navidrome,_codex_gpt-5.4_run_002,codex,gpt-5.4,9,731,40.35985650000001,9389000,9669915,1407,0,1,98312451,743879,96257536,2,0.2222222222222222,7,0,0,0,0,0,0,0,0,0,0,0.46348441833131054,0.3408341519168203,0.3203246132235522,0.5137524621395588,4.171359764981795
e2e,navidrome,_codex_gpt-5.5_run_002,codex,gpt-5.5,9,745,117.20502099999999,5017000,6009000,1175,0,1,95414759,354390,81680512,2,0.2222222222222222,7,0,0,0,0,0,0,0,20,0,1155,0.45917933951922574,0.342242437954409,0.32117371086945845,0.4970260583163808,4.132614055673032
e2e,navidrome,_codex_gpt-5.6-sol_run_002,codex,gpt-5.6-sol,9,861,81.839742,10940000,9883000,858,0,1,115418298,508530,113446144,3,0.3333333333333333,6,0,0,0,0,0,0,0,32,0,826,0.44347807369818976,0.43291413497718984,0.4301076461336472,0.4759189296823705,3.9913026632837076
e2e,navidrome,_gemini-cli_gemini-3-flash_run_002,gemini-cli,gemini-3-flash,9,1041,14.731606669999998,11639000,11819706,1037,0,2,12414564,342247,0,0,0.0,9,0,0,374,370,19,207,67,0,0,0,0.11383741737263363,0.10568127088144837,0.23630866937116776,0.17084826762246116,1.0245367563537027
e2e,navidrome,_gemini-cli_gemini-3-pro_run_002,gemini-cli,gemini-3-pro,9,212,11.070236599999998,4526368,4526368,212,0,1,2363794,107214,0,1,0.1111111111111111,3,0,5,73,68,13,40,18,0,0,0,0.18518518518518517,0.2,0.2256105006105006,0.18518518518518517,1.6666666666666665
e2e,navidrome,_gemini-cli_gemini-3.1-pro_run_002,gemini-cli,gemini-3.1-pro,9,1192,31.990419745000004,10533000,21028385,1189,0,1,5871659,179587,0,1,0.1111111111111111,8,0,0,0,61,11,1115,0,0,0,2,0.3822688867560838,0.2811990288849134,0.24899787757849168,0.4438599890212794,3.440419980804754
e2e,navidrome,_gemini-cli_gemini-3.5-flash_run_002,gemini-cli,gemini-3.5-flash,9,1005,96.22875830000007,5410000,0,0,0,1,37447590,397704,0,2,0.2222222222222222,7,0,0,0,0,0,0,0,0,0,0,0.3967401712842458,0.3362238334709098,0.3175617841082718,0.4590800477897252,3.5706615415582124
e2e,navidrome,_openhands_gemini-3-flash_run_002,openhands,gemini-3-flash,9,2238,16.83291705,90544828,0,2122,0,3,106132491,1198438,0,1,0.1111111111111111,8,0,0,0,0,0,0,0,0,0,2122,0.2201316251085862,0.1256445946687186,0.234381680916415,0.23896154218734866,1.9811846259772756
e2e,navidrome,_openhands_glm-5_run_002,openhands,glm-5,9,2296,32.916392200000004,31576836,31576836,2187,0,1,96195505,586317,0,1,0.1111111111111111,8,0,0,0,0,0,0,0,0,0,0,0.2720476171577,0.2157020628739917,0.2201977751041019,0.32916464851948724,2.4484285544193
e2e,navidrome,_openhands_gpt-5.3-codex_run_002,openhands,gpt-5.3-codex,9,515,10.551964150000009,135478505,135478505,15492,0,3,26969281,281628,0,1,0.1111111111111111,8,0,0,0,0,0,0,0,0,0,15492,0.3556235512226491,0.22926963178541934,0.21178058234616445,0.41835716661124045,3.2006119610038417
e2e,navidrome,_openhands_kimi-k2.5_run_002,openhands,kimi-k2.5,9,673,3.377146883,16549012,16549012,1193,0,2,23693639,212533,0,1,0.1111111111111111,8,0,0,0,0,0,0,0,0,0,1193,0.2124120420813281,0.1329145265955568,0.2385334540424028,0.24941554457683493,1.9117083787319529
e2e,navidrome,_openhands_kimi-k2.6_run_002,openhands,kimi-k2.6,9,2444,0.0,37568270,37568270,2323,0,1,0,,0,1,0.1111111111111111,8,0,0,0,0,0,0,0,0,0,2323,0.20655838326581974,0.13519006862518312,0.23935593928945298,0.2777777777777778,1.8590254493923777
e2e,navidrome,_openhands_minimax-m2.5_run_002,openhands,minimax-m2.5,9,1839,3.501213209999998,17990161,17990161,1781,0,1,57674889,525810,0,0,0.0,9,0,0,0,0,0,0,0,0,0,1781,0.1832766969804728,0.1759542807121774,0.23672065603370132,0.21664675428116287,1.6494902728242553
e2e,navidrome,_openhands_opus-4.6_run_002,openhands,claude-opus-4-6,9,4182,184.21914975000004,80127613,0,4031,0,2,208573359,942972,0,2,0.2222222222222222,7,0,0,0,0,0,0,0,0,0,4031,0.3563995069065058,0.24925901248343912,0.2387920006244864,0.40503083728890177,3.207595562158552
e2e,nushell,_claude-code_deepseek-v4-pro_run_002,claude-code,deepseek-v4-pro,13,1062,2.043743511,26818000,27100161,2072,1120,1,87323613,642807,0,0,0.0,13,0,0,0,0,0,0,0,0,0,0,0.0,0.0,0.0,0.0,0.0
e2e,nushell,_claude-code_fable-5-with-leak_run_002,claude-code,claude-fable-5-with-leak,13,1227,226.0712615,29395000,28357000,1284,0,1,33947,193995,200833654,1,0.07692307692307693,12,0,0,85,83,4,1059,0,0,0,53,0.7378366092377877,0.4927840444966438,0.4162031571376446,0.7392307692307691,9.59187592009124
e2e,nushell,_claude-code_glm-5.1_refine_run_002,claude-code,glm-5.1,13,2369,59.232739519999996,28820000,26402000,3293,1733,1,4524784,598684,193322432,1,0.07692307692307693,12,0,0,1087,590,21,506,888,140,0,61,0.07692307692307693,0.07692307692307693,0.07692307692307693,0.07692307692307693,1.0
e2e,nushell,_claude-code_glm-5.2-1m_run_002,claude-code,glm-5.2-1m,13,1279,173.32986972,22497000,21541000,1396,203,1,4888625,692254,628614912,1,0.07692307692307693,12,0,0,343,223,14,736,0,0,0,80,0.6182652197047894,0.41270548630092097,0.36189945112358907,0.6194139194139194,8.037447856162263
e2e,nushell,_claude-code_glm-5.2_run_002,claude-code,glm-5.2,13,2823,86.24380823999999,40575000,40045000,3547,1175,1,6915124,2888643,245586944,1,0.07692307692307693,12,0,0,1158,500,21,1685,0,0,2,181,0.41316528568215466,0.32082744680456826,0.2938668787352998,0.41367521367521365,5.371148713868011
e2e,nushell,_claude-code_glm-5_refine_run_002,claude-code,glm-5,13,1284,28.860915000000002,19204000,18569000,1319,53,1,4394788,290500,117682635,0,0.0,13,0,0,485,100,2,315,380,35,0,2,0.0,0.0,0.0,0.0,0.0
e2e,nushell,_claude-code_kimi-k2.6_run_002,claude-code,kimi-k2.6,13,3502,61.53679168,58801000,110415000,4304,933,3,8365792,927796,311738158,0,0.0,13,0,0,1237,505,17,978,1424,111,5,27,0.5412624923812815,0.3683275238477061,0.341063039524578,0.5424519924519924,7.03641240095666
e2e,nushell,_claude-code_kimi-k3_run_002,claude-code,kimi-k3,13,2684,104.8581762,19733000,77021000,2873,270,1,3757041,797094,272102144,1,0.07692307692307693,12,0,0,769,624,26,1233,0,0,7,214,0.5913686319710948,0.35060868622472063,0.28564225270180604,0.5933455433455433,7.687792215624232
e2e,nushell,_claude-code_opus-4.5_run_002,claude-code,claude-opus-4-5-20251101,13,1437,113.40763399999999,16566000,12182396,1499,0,1,259065,474364,152675831,0,0.0,13,0,0,399,338,16,356,307,78,0,5,0.0,0.0,0.0,0.0,0.0
e2e,nushell,_claude-code_opus-4.6_run_002,claude-code,claude-opus-4-6,13,2612,122.57272225,16458000,16984243,3370,1745,1,534792,908111,199247999,1,0.07692307692307693,12,0,0,1213,527,19,956,523,81,45,6,0.6614220156828645,0.4839610240796554,0.42070866660083606,0.6625763125763127,8.598486203877238
e2e,nushell,_claude-code_opus-4.7-xhigh-1m_run_002,claude-code,claude-opus-4-7[1m],13,1107,279.11332799999997,11465000,11165000,1108,9,1,2816,356477,520311746,1,0.07692307692307693,12,0,0,244,223,13,550,5,54,9,10,0.6267529392646431,0.4094676434140292,0.3527972169915904,0.627960927960928,8.14778821044036
e2e,nushell,_claude-code_opus-4.7-xhigh_run_002,claude-code,claude-opus-4-7,13,1731,110.45746499999998,17098000,28656000,1904,311,2,1329892,621264,140934410,1,0.07692307692307693,12,0,0,533,314,17,661,284,74,0,21,0.42639297981673124,0.3261781194418765,0.29712856802640086,0.4269230769230769,5.543108737617506
e2e,nushell,_claude-code_opus-4.8_run_002,claude-code,claude-opus-4-8,13,1963,232.67124225,36563000,35934000,3202,1289,1,185474,974464,344288932,1,0.07692307692307693,12,0,0,1013,468,32,984,494,0,20,191,0.6285849619779307,0.4267462457465543,0.37206127206127204,0.6296092796092795,8.171604505713098
e2e,nushell,_claude-code_qwen3.6-27b_run_002,claude-code,qwen3.6-27b,13,1700,8.482252217000001,37173000,206015130,2447,1108,12,102481621,659337,21164544,0,0.0,8,0,5,0,0,0,0,0,0,0,0,0.0,0.0,0.0,0.0,0.0
e2e,nushell,_claude-code_sonnet-4.5_run_002,claude-code,claude-sonnet-4-5-20250929,13,619,29.784969049999997,10001000,5453725,680,0,1,106598,220849,64683921,0,0.0,13,0,0,119,112,8,164,82,32,0,0,0.0,0.0,0.0,0.0,0.0
e2e,nushell,_claude-code_sonnet-4.6_run_002,claude-code,claude-sonnet-4-6,13,2632,113.88562690000002,29347000,25133056,3111,954,1,700531,1299316,248464164,0,0.0,13,0,0,1069,467,28,1202,229,75,39,2,0.39050569647085154,0.30001932114231583,0.2719137812255221,0.391025641025641,5.07657405412107
e2e,nushell,_codex_gpt-5.2-codex_run_002,codex,gpt-5.2-codex,13,1593,42.058826249999996,9995000,10730755,1585,0,1,173748519,831901,170912640,1,0.07692307692307693,12,0,0,0,0,0,0,0,22,0,1563,0.07692307692307693,0.07692307692307693,0.07692307692307693,0.07692307692307693,1.0
e2e,nushell,_codex_gpt-5.2_run_002,codex,gpt-5.2,13,3389,83.61884965,54838000,181784059,3429,0,2,269633123,1114337,252384768,1,0.07692307692307693,12,0,0,0,0,0,0,0,97,0,3332,0.14098942488772997,0.1339031339031339,0.1282051282051282,0.14102564102564102,1.8328625235404896
e2e,nushell,_codex_gpt-5.3-codex_run_002,codex,gpt-5.3-codex,13,1317,36.9668789,43403000,18909705000,1742,0,1,150302966,546792,146647808,0,0.0,13,0,0,0,0,0,0,0,1,0,1741,0.2751283676518827,0.1845214662116071,0.2278500986193294,0.27564102564102566,3.576668779474475
e2e,nushell,_codex_gpt-5.4_run_002,codex,gpt-5.4,13,1413,75.20718099999999,14686000,14996355,2314,0,1,205993444,1034909,202355584,1,0.07692307692307693,12,0,0,0,0,0,0,0,0,0,0,0.15380269448066058,0.14027149321266968,0.13076923076923078,0.15384615384615385,1.9994350282485875
e2e,nushell,_codex_gpt-5.5_run_002,codex,gpt-5.5,13,1180,121.768276,8306000,9178000,1694,0,1,173457176,422789,167724032,1,0.07692307692307693,12,0,0,0,0,0,0,0,11,0,1683,0.4878704073215333,0.3189642413722375,0.2896834778581405,0.4887667887667888,6.342315295179933
e2e,nushell,_codex_gpt-5.6-sol_run_002,codex,gpt-5.6-sol,13,1748,162.491672,20817000,20288000,1742,0,1,234225730,820073,229608704,1,0.07692307692307693,12,0,0,0,0,0,0,0,25,0,1717,0.7151189762299986,0.48753686874761815,0.4145064335894979,0.7166422466422468,9.296546690989983
e2e,nushell,_gemini-cli_gemini-3-flash_run_002,gemini-cli,gemini-3-flash,13,2391,8.2424368,32238000,35965261,2390,0,2,8242443,161280,0,0,0.0,13,0,0,708,776,67,798,41,0,0,0,0.0,0.0,0.0,0.0,0.0
e2e,nushell,_gemini-cli_gemini-3-pro_run_002,gemini-cli,gemini-3-pro,13,1233,223.31810779999995,17444000,17369679,1207,0,2,40187240,319705,0,1,0.07692307692307693,12,0,0,1,0,0,1206,0,0,0,0,0.1275966970882225,0.08711156393275599,0.08257918552036199,0.1282051282051282,1.6587570621468926
e2e,nushell,_gemini-cli_gemini-3.1-pro_run_002,gemini-cli,gemini-3.1-pro,13,1854,31.3349401,16936000,77328166,1853,0,2,7427369,141494,0,1,0.07692307692307693,12,0,0,4,141,1,1707,0,0,0,0,0.36469211190104706,0.2575564921878095,0.2235765943458251,0.36538461538461536,4.740997454713612
e2e,nushell,_gemini-cli_gemini-3.5-flash_run_002,gemini-cli,gemini-3.5-flash,13,2036,162.24632084999976,13486000,0,0,0,1,50182840,899214,0,1,0.07692307692307693,12,0,0,0,0,0,0,0,0,0,0,0.1281085518373654,0.1111111111111111,0.10256410256410256,0.1282051282051282,1.66541117388575
e2e,nushell,_openhands_gemini-3-flash_run_002,openhands,gemini-3-flash,13,1178,8.518268899999999,96203283,0,1607,0,3,52552915,668507,0,1,0.07692307692307693,7,0,5,0,0,0,0,0,0,0,1607,0.11293640446182819,0.07868131868131868,0.07782276203328833,0.11538461538461539,1.4681732580037665
e2e,nushell,_openhands_glm-5_run_002,openhands,glm-5,13,1450,16.2694906,32784363,32784363,1714,0,1,43599049,569273,0,0,0.0,2,0,11,0,0,0,0,0,0,0,0,0.0,0.0,0.0,0.0,0.0
e2e,nushell,_openhands_gpt-5.3-codex_run_002,openhands,gpt-5.3-codex,13,0,0.0,92133937,0,10396,0,1,0,,0,0,0.0,13,0,0,0,0,0,0,0,0,0,10396,0.14070350265222648,0.09660107334525939,0.0759305210918114,0.14102564102564102,1.829145534478944
e2e,nushell,_openhands_kimi-k2.5_run_002,openhands,kimi-k2.5,13,324,1.6848894080000003,186871505,0,908,0,2,10800045,114757,0,0,0.0,4,0,9,0,0,0,0,0,0,0,908,0.0,0.0,0.0,0.0,0.0
e2e,nushell,_openhands_kimi-k2.6_run_002,openhands,kimi-k2.6,13,567,0.0,17991854,17991854,547,0,1,0,,0,0,0.0,2,0,11,0,0,0,0,0,0,0,547,0.0,0.0,0.0,0.0,0.0
e2e,nushell,_openhands_minimax-m2.5_run_002,openhands,minimax-m2.5,13,1061,1.8175262099999996,60076746,60076746,5604,0,2,29058599,364180,0,0,0.0,13,0,0,0,0,0,0,0,0,0,5604,0.0,0.0,0.0,0.0,0.0
e2e,nushell,_openhands_opus-4.6_run_002,openhands,claude-opus-4-6,13,2009,67.07542600000001,87356236,0,4201,0,2,69291399,560044,0,1,0.07692307692307693,10,0,2,0,0,0,0,0,0,0,4201,0.5264870327853067,0.39137033744663857,0.33305669316874237,0.5274481074481074,6.844331426208988
e2e,scikit-learn,_claude-code_deepseek-v4-pro_run_002,claude-code,deepseek-v4-pro,12,1743,3.602686229,44325000,44501316,2807,1257,1,166090147,895579,0,1,0.08333333333333333,11,0,0,0,0,0,0,0,0,0,0,0.7195289749123431,0.1939561722868558,0.1840902966472455,0.7490833934200465,8.634347698948117
e2e,scikit-learn,_claude-code_fable-5-with-leak_run_002,claude-code,claude-fable-5-with-leak,12,1036,75.4076885,25098000,25169000,1807,0,3,19111,66608,31305541,2,0.16666666666666666,10,0,0,211,205,22,1309,0,0,0,60,0.8775959958752168,0.3438804808850309,0.2913928739729159,0.8892455413500743,10.5311519505026
e2e,scikit-learn,_claude-code_glm-5.1_refine_run_002,claude-code,glm-5.1,12,1603,45.242862679999995,37001000,46960000,2051,710,3,3773307,405257,146835008,2,0.16666666666666666,10,0,0,811,405,6,366,348,64,0,51,0.7276228097752594,0.2930778879538383,0.253109463467367,0.7373895214108811,8.731473717303112
e2e,scikit-learn,_claude-code_glm-5.2-1m_run_002,claude-code,glm-5.2-1m,12,2549,125.01721352,21931000,19850000,2985,2074,1,4529338,2355190,416589632,2,0.16666666666666666,10,0,0,874,535,14,1449,0,0,0,113,0.7773400467140025,0.3589234915233989,0.30325383303987435,0.785555959256602,9.32808056056803
e2e,scikit-learn,_claude-code_glm-5.2_run_002,claude-code,glm-5.2,12,2260,70.99115884,35994000,33544000,2628,468,1,5224955,2030515,210545984,2,0.16666666666666666,10,0,0,679,573,28,1153,0,0,2,193,0.8507480699660642,0.365636592676857,0.3071867919237115,0.8607021936319249,10.20897683959277
e2e,scikit-learn,_claude-code_glm-5_refine_run_002,claude-code,glm-5,12,424,8.682683200000001,5235000,4505000,434,0,1,1315248,101110,35219416,0,0.0,12,0,0,170,83,1,99,57,24,0,0,0.3315438747332761,0.1369181784344752,0.1374946707267768,0.34342245346835254,3.9785264967993133
e2e,scikit-learn,_claude-code_kimi-k2.6_run_002,claude-code,kimi-k2.6,12,4123,82.98782769,51477000,106331000,4613,878,1,8353983,1076619,442156674,0,0.0,12,0,0,1948,516,23,961,1059,90,0,16,0.6416524870707218,0.16418141009776052,0.11601981550286854,0.6525545542342854,7.6998298448486615
e2e,scikit-learn,_claude-code_kimi-k3_run_002,claude-code,kimi-k3,12,2711,99.28530179999998,21912000,118615000,2966,532,1,4333770,791237,248051456,0,0.0,12,0,0,938,601,14,1173,0,0,6,234,0.7418761982453835,0.18321283196975682,0.12831608359882898,0.7530741601844139,8.902514378944602
e2e,scikit-learn,_claude-code_opus-4.5_run_002,claude-code,claude-opus-4-5-20251101,12,1271,92.77178615,9889192,9876492,1297,69,1,760926,399142,135157545,0,0.0,12,0,0,403,258,4,324,165,87,3,1,0.605624483022214,0.16995360655424252,0.1971799841842672,0.628557473553847,7.267493796266569
e2e,scikit-learn,_claude-code_opus-4.6_run_002,claude-code,claude-opus-4-6,12,4751,115.4636132,8147000,45168268,5729,4558,1,1324347,755030,148336543,0,0.0,12,0,0,1888,1030,31,1300,881,425,170,4,0.751576575276446,0.18148764526062608,0.12844977283037126,0.7671024496603273,9.018918903317351
e2e,scikit-learn,_claude-code_opus-4.7-xhigh-1m_run_002,claude-code,claude-opus-4-7[1m],12,691,116.05952350000001,4319000,3158000,695,0,1,2374,198496,215618232,0,0.0,12,0,0,196,211,4,271,1,12,0,0,0.609577002823354,0.1442623511792854,0.10419929706463732,0.6190316765528414,7.314924033880248
e2e,scikit-learn,_claude-code_opus-4.7-xhigh_run_002,claude-code,claude-opus-4-7,12,1632,117.73463325,13247000,12365000,1669,360,1,1459184,664025,159399664,1,0.08333333333333333,11,0,0,437,437,9,583,107,82,3,11,0.7477147177775817,0.19826302567481435,0.16581237784553596,0.7730964142129736,8.97257661333098
e2e,scikit-learn,_claude-code_opus-4.8_run_002,claude-code,claude-opus-4-8,12,3708,152.0773835,32725000,25008000,4327,4001,1,204172,697286,106707722,0,0.0,12,0,0,987,608,122,1804,440,0,31,335,0.812850644467484,0.28400914597012583,0.19554557337935205,0.8196627889221856,9.754207733609809
e2e,scikit-learn,_claude-code_qwen3.6-27b_run_002,claude-code,qwen3.6-27b,12,2274,14.076404147000002,47168000,205763770,3199,1189,17,178964383,871221,28614144,0,0.0,12,0,0,0,0,0,0,0,0,0,0,0.608285600596976,0.2162233774232647,0.24957865654671849,0.6249646234348222,7.299427207163712
e2e,scikit-learn,_claude-code_sonnet-4.5_run_002,claude-code,claude-sonnet-4-5-20250929,12,1184,33.7802373,9396507,42996025,1230,839,3,428861,439850,65999659,0,0.0,12,0,0,292,251,49,339,181,106,12,0,0.5330903071250405,0.0589582173046092,0.039661310765372826,0.5559144419916108,6.397083685500485
e2e,scikit-learn,_claude-code_sonnet-4.6_run_002,claude-code,claude-sonnet-4-6,12,2021,77.50865984999999,12816000,23276357,2251,738,1,1053840,750558,187671265,0,0.0,12,0,0,827,413,7,752,179,41,31,1,0.7527731961183194,0.21096129836966035,0.14611931266769362,0.7655258363316456,9.033278353419833
e2e,scikit-learn,_codex_gpt-5.2-codex_run_002,codex,gpt-5.2-codex,12,2052,61.39844795,19604396,19604396,2045,0,1,251772253,821939,245569664,0,0.0,12,0,0,0,0,0,1512,0,14,0,519,0.18298972652763668,0.05692793839815157,0.042934001533199935,0.1920185288260335,2.19587671833164
e2e,scikit-learn,_codex_gpt-5.2_run_002,codex,gpt-5.2,12,2496,88.2885031,20178000,20156601,2641,0,1,337965882,1137175,325757312,0,0.0,12,0,0,0,0,0,0,0,75,0,2566,0.8045041090200321,0.2545860713842822,0.19065814702467831,0.8141318258643834,9.654049308240385
e2e,scikit-learn,_codex_gpt-5.3-codex_run_002,codex,gpt-5.3-codex,12,1549,32.98731485,41826000,41608996,2201,0,1,143184819,478261,140917632,1,0.08333333333333333,11,0,0,0,0,0,0,0,0,0,2201,0.6247903288672515,0.22155190225473984,0.18444744101687527,0.6338494505563861,7.4974839464070175
e2e,scikit-learn,_codex_gpt-5.4_run_002,codex,gpt-5.4,12,1100,62.338024,12523000,12597262,2020,0,1,157188406,1007055,153661696,0,0.0,12,0,0,0,0,0,0,0,0,0,0,0.8174319421477255,0.27130363354794623,0.23733615859464766,0.8279389105497362,9.809183305772706
e2e,scikit-learn,_codex_gpt-5.5_run_002,codex,gpt-5.5,12,1334,148.288936,6551000,10239000,1867,0,1,182714846,554553,172748672,2,0.16666666666666666,10,0,0,0,0,0,0,0,5,0,1862,0.8256931669672146,0.3220345914572767,0.2783446957778896,0.8375628926994622,9.908318003606576
e2e,scikit-learn,_codex_gpt-5.6-sol_run_002,codex,gpt-5.6-sol,12,1458,140.738981,16613000,15422000,1454,0,1,195267877,806954,191068672,2,0.16666666666666666,10,0,0,0,0,0,0,0,18,0,1436,0.8481261274520769,0.337872036554052,0.2883572869743152,0.8590548082602832,10.177513529424923
e2e,scikit-learn,_gemini-cli_gemini-3-flash_run_002,gemini-cli,gemini-3-flash,12,3058,10.9084559,40499000,67337679,3053,0,2,8366869,191536,0,1,0.08333333333333333,9,0,2,1000,810,118,1085,39,0,0,1,0.5663647540227179,0.2764754258635808,0.245970875773008,0.5784629860960794,6.796377048272615
e2e,scikit-learn,_gemini-cli_gemini-3-pro_run_002,gemini-cli,gemini-3-pro,12,464,69.73547889999998,11798147,11798147,399,0,1,9217500,373045,0,2,0.16666666666666666,2,0,8,74,155,31,139,0,0,0,0,0.2583664953950397,0.21509314756567396,0.20315581854043394,0.26190514026612427,3.1003979447404766
e2e,scikit-learn,_gemini-cli_gemini-3.1-pro_run_002,gemini-cli,gemini-3.1-pro,12,1229,114.02392299000002,15636000,17124540,1228,0,1,6829366,303229,0,1,0.08333333333333333,5,0,6,0,102,0,1122,0,0,0,4,0.32380035206737734,0.1905330315584045,0.18278058192952998,0.34047574157868277,3.885604224808528
e2e,scikit-learn,_gemini-cli_gemini-3.5-flash_run_002,gemini-cli,gemini-3.5-flash,12,1490,115.68983130000008,9141000,0,0,0,1,34338388,529792,0,1,0.08333333333333333,11,0,0,0,0,0,0,0,0,0,0,0.6162716822602063,0.17394493735075886,0.19708994514325254,0.6394733904531978,7.395260187122476
e2e,scikit-learn,_openhands_gemini-3-flash_run_002,openhands,gemini-3-flash,12,4473,26.206580299999985,90269520,0,4599,0,3,160667407,2673983,0,0,0.0,12,0,0,0,0,0,0,0,0,0,4599,0.6311850979052634,0.1742904771568915,0.16287838037168284,0.6566337063658872,7.574221174863162
e2e,scikit-learn,_openhands_glm-5_run_002,openhands,glm-5,12,3868,56.05043740000001,40405818,40405818,3632,0,1,152390091,1467907,0,0,0.0,12,0,0,0,0,0,0,0,0,0,0,0.6616230244866419,0.18010459664506093,0.20268407802712915,0.6851727797335042,7.939476293839703
e2e,scikit-learn,_openhands_gpt-5.3-codex_run_002,openhands,gpt-5.3-codex,12,1524,48.57602260000002,55343979,55343979,5283,0,1,97194228,836757,0,1,0.08333333333333333,11,0,0,0,0,0,0,0,0,0,5283,0.4429600616134189,0.12859937243048156,0.11162617303869125,0.49674352285067047,5.315520739361027
e2e,scikit-learn,_openhands_kimi-k2.5_run_002,openhands,kimi-k2.5,12,565,3.4533629190000004,187875167,0,1585,0,5,21829115,201422,0,0,0.0,12,0,0,0,0,0,0,0,0,0,1361,0.4713722274798724,0.13295839386472072,0.14057548494049538,0.4877834402988843,5.656466729758469
e2e,scikit-learn,_openhands_kimi-k2.6_run_002,openhands,kimi-k2.6,12,5973,0.0,116697900,116697900,5707,0,2,0,,0,0,0.0,12,0,0,0,0,0,0,0,0,0,5707,0.4568925202322795,0.14099206332124248,0.17443022321358492,0.47518020393308946,5.482710242787354
e2e,scikit-learn,_openhands_minimax-m2.5_run_002,openhands,minimax-m2.5,12,4539,9.09985998,29507939,29507939,4397,0,2,145905615,1479905,0,0,0.0,12,0,0,0,0,0,0,0,0,0,4175,0.4575691135965229,0.11386615059297119,0.19186361143490382,0.47392922361180384,5.490829363158275
e2e,scikit-learn,_openhands_opus-4.6_run_002,openhands,claude-opus-4-6,12,1136,39.93852375000004,76780570,0,3173,0,2,41464531,327749,0,0,0.0,12,0,0,0,0,0,0,0,0,0,3173,0.8426142602021701,0.21856607544054577,0.15012728592578675,0.8581966846904892,10.111371122426041
e2e,go-zero,_claude-code_deepseek-v4-pro_run_002,claude-code,deepseek-v4-pro,23,1116,2.515245606875,41319000,41355454,1857,549,1,114456681,653904,161531,2,0.08695652173913043,21,0,0,0,0,0,0,0,0,0,0,0.5258866243202374,0.3991610466117361,0.39236738890036826,0.5671277830366327,12.09539235936546
e2e,go-zero,_claude-code_fable-5-with-leak_run_002,claude-code,claude-fable-5-with-leak,23,491,276.07386049999997,15230000,13609000,588,0,1,63040,500283,232248673,1,0.043478260869565216,22,0,0,95,94,50,279,0,0,0,70,0.706698945158868,0.5563509101268057,0.5179398627781824,0.7445934796715005,16.254075738653963
e2e,go-zero,_claude-code_glm-5.1_refine_run_002,claude-code,glm-5.1,23,1268,40.66664576,30029000,35912000,1834,474,2,4180254,383461,127411776,0,0.0,23,0,0,793,220,75,454,192,79,0,21,0.5222707995163514,0.38792804297447214,0.38599445802092036,0.5829313244112886,12.01222838887608
e2e,go-zero,_claude-code_glm-5.2-1m_run_002,claude-code,glm-5.2-1m,23,810,118.23317148,18140000,17438000,917,0,1,3045591,559623,428873088,1,0.043478260869565216,22,0,0,196,230,65,357,0,0,0,69,0.5592488314160168,0.44714998464079436,0.40229220094420975,0.5785050205938578,12.862723122568386
e2e,go-zero,_claude-code_glm-5.2_run_002,claude-code,glm-5.2,23,1317,14.337752440000001,31499000,30957000,2145,0,1,1042631,599329,39388544,1,0.043478260869565216,22,0,0,574,427,141,834,0,0,12,157,0.6011098731333063,0.4403042398344874,0.38999687280746814,0.6511694549857215,13.825527082066046
e2e,go-zero,_claude-code_glm-5_refine_run_002,claude-code,glm-5,23,635,15.190439000000001,7874000,7460000,694,0,1,2321869,135524,62174466,0,0.0,23,0,0,208,155,49,205,46,31,0,0,0.38984069107700103,0.2975525776469242,0.32535955772036773,0.43487843691468336,8.966335894771024
e2e,go-zero,_claude-code_kimi-k2.6_run_002,claude-code,kimi-k2.6,23,1883,35.7628959,31421000,61845000,2383,712,1,3925898,645712,184065280,0,0.0,23,0,0,1177,292,94,391,346,72,3,8,0.4514589683031368,0.3421158466275755,0.3546429952087282,0.5049058584162056,10.383556270972147
e2e,go-zero,_claude-code_kimi-k3_run_002,claude-code,kimi-k3,23,1297,53.2081464,11959000,58785000,1485,0,1,1814953,407039,138859008,2,0.08695652173913043,21,0,0,442,427,79,444,0,0,0,93,0.5768369914642492,0.4540401375217645,0.4327122814885528,0.6244063155239914,13.267250803677731
e2e,go-zero,_claude-code_opus-4.5_run_002,claude-code,claude-opus-4-5-20251101,23,1110,50.66667135,7938322,22459432,1249,107,1,274340,209616,70428433,0,0.0,23,0,0,432,282,59,306,99,65,6,0,0.34964860312334756,0.3196061562742322,0.37816597353101,0.3746883652757866,8.041917871836993
e2e,go-zero,_claude-code_opus-4.6_run_002,claude-code,claude-opus-4-6,23,1450,85.79095005,9779000,39848961,2178,786,3,698108,590605,123552627,1,0.043478260869565216,22,0,0,876,332,71,538,255,73,33,0,0.49514646698842596,0.36699149605865783,0.41852762874922717,0.5708338917985057,11.388368740733798
e2e,go-zero,_claude-code_opus-4.7-xhigh-1m_run_002,claude-code,claude-opus-4-7[1m],23,822,177.53087474999998,6452000,6040000,820,0,1,2633,275723,328945157,1,0.043478260869565216,22,0,0,198,245,45,271,20,27,3,11,0.5880262622910623,0.48063296190655713,0.45960782338134026,0.6223229942911241,13.524604032694432
e2e,go-zero,_claude-code_opus-4.7-xhigh_run_002,claude-code,claude-opus-4-7,23,1301,110.012071,10355000,10414000,1482,155,1,1602953,722309,138229437,1,0.043478260869565216,22,0,0,454,300,78,448,114,76,1,11,0.5292573787258652,0.43632612028377454,0.4481058543985669,0.5810230708522145,12.1729197106949
e2e,go-zero,_claude-code_opus-4.8_run_002,claude-code,claude-opus-4-8,23,1950,58.90493575000001,27481000,23142000,2515,2157,1,110303,147260,53283129,3,0.13043478260869565,20,0,0,520,480,115,982,49,0,38,331,0.641175450131903,0.5379761885193962,0.5389478813858093,0.6952531111948161,14.74703535303377
e2e,go-zero,_claude-code_qwen3.6-27b_run_002,claude-code,qwen3.6-27b,23,1389,7.55644901,41254000,191865580,2237,1057,8,97668358,582011,11796480,0,0.0,23,0,0,0,0,0,0,0,0,0,0,0.43697831225150663,0.277299802986692,0.24725242338888115,0.5033465795367865,10.050501181784652
e2e,go-zero,_claude-code_sonnet-4.5_run_002,claude-code,claude-sonnet-4-5-20250929,23,1634,24.58011605,14651670,23730352,1873,1561,2,442195,298643,43767431,0,0.0,23,0,0,372,435,104,654,90,197,21,0,0.2632191039953581,0.19325414212983957,0.24694960150927714,0.27903991837187253,6.0540393918932365
e2e,go-zero,_claude-code_sonnet-4.6_run_002,claude-code,claude-sonnet-4-6,23,1436,70.6381166,15113000,25772070,1779,172,1,796255,826658,154836352,0,0.0,23,0,0,618,284,79,664,60,62,11,1,0.3784451541047787,0.28530232482276935,0.3465502029276214,0.4480420544636422,8.70423854440991
e2e,go-zero,_codex_gpt-5.2-codex_run_002,codex,gpt-5.2-codex,23,1223,29.873418750000006,12363629,12326359,1214,0,1,117576909,647862,115232640,0,0.0,21,0,2,0,0,0,879,0,22,0,313,0.3560263505131665,0.31074184801342125,0.3257336973231185,0.37220572011719494,8.18860606180283
e2e,go-zero,_codex_gpt-5.2_run_002,codex,gpt-5.2,23,1488,48.8031873,13890000,13733961,1539,0,1,180541102,828482,174229376,1,0.043478260869565216,22,0,0,0,0,0,0,0,98,0,1441,0.4996943028237629,0.3505880520025059,0.32174435832478826,0.5674513184801391,11.492968964946547
e2e,go-zero,_codex_gpt-5.3-codex_run_002,codex,gpt-5.3-codex,23,1257,34.10710415,44550000,44389122,1729,0,1,145976929,563708,143933568,2,0.08695652173913043,21,0,0,0,0,0,0,0,0,0,1729,0.6191088797465998,0.4766465700511273,0.4676644348697323,0.6627612959313015,14.239504234171795
e2e,go-zero,_codex_gpt-5.4_run_002,codex,gpt-5.4,23,1045,60.971180499999996,14428000,14538199,1730,0,1,152228719,1192025,149991552,1,0.043478260869565216,22,0,0,0,0,0,0,0,0,0,0,0.5262875475856332,0.36635117638164383,0.3369286460684315,0.5927327934405916,12.104613594469564
e2e,go-zero,_codex_gpt-5.5_run_002,codex,gpt-5.5,23,784,72.854984,7248000,6937000,1196,0,1,108624736,383676,106372608,0,0.0,23,0,0,0,0,0,0,0,12,0,1184,0.5738493371966803,0.4555646027899143,0.4251483338514224,0.6190156931926639,13.198534755523646
e2e,go-zero,_codex_gpt-5.6-sol_run_002,codex,gpt-5.6-sol,23,1106,109.231811,16813000,16267000,1105,0,1,140510515,854654,137546752,1,0.043478260869565216,22,0,0,0,0,0,0,0,0,0,1105,0.696733225454529,0.5256175276828362,0.46194579134883007,0.735582733519783,16.024864185454167
e2e,go-zero,_gemini-cli_gemini-3-flash_run_002,gemini-cli,gemini-3-flash,23,1303,6.80691156,12637000,36279734,1302,0,2,6266007,149948,0,1,0.043478260869565216,21,0,1,402,302,147,339,112,0,0,0,0.46801213654728785,0.33790891282129626,0.32337587394679335,0.5050812669182941,10.76427914058762
e2e,go-zero,_gemini-cli_gemini-3-pro_run_002,gemini-cli,gemini-3-pro,23,932,124.35385368999988,12195699,19515959,930,0,1,8060775,394260,0,0,0.0,23,0,0,239,298,76,249,67,0,0,1,0.29679163728281005,0.29567781714898816,0.35031877068904294,0.30774552186066845,6.826207657504631
e2e,go-zero,_gemini-cli_gemini-3.1-pro_run_002,gemini-cli,gemini-3.1-pro,23,1777,15.0776529,14145000,18574478,1775,0,1,3382280,137508,0,0,0.0,23,0,0,26,12,0,1737,0,0,0,0,0.3151392642264037,0.20760595461348058,0.20414694425339797,0.3636969885022042,7.248203077207285
e2e,go-zero,_gemini-cli_gemini-3.5-flash_run_002,gemini-cli,gemini-3.5-flash,23,1833,159.06492135000016,9429000,0,0,0,1,53361764,588252,0,0,0.0,23,0,0,0,0,0,0,0,0,0,0,0.6194113340411203,0.4672829606924254,0.43556466843594144,0.6946413438578648,14.246460682945765
e2e,go-zero,_openhands_gemini-3-flash_run_002,openhands,gemini-3-flash,23,2014,10.764986499999981,17983849,17983849,1927,0,1,61629884,1124175,0,0,0.0,23,0,0,0,0,0,0,0,0,0,1778,0.3887832599071138,0.28656427680194624,0.3173773676340525,0.4237977875094708,8.942014977863618
e2e,go-zero,_openhands_glm-5_run_002,openhands,glm-5,23,2507,26.920453400000003,30119818,30119818,2388,0,1,90849891,680274,0,0,0.0,23,0,0,0,0,0,0,0,0,0,0,0.3277799636506708,0.27650740674711644,0.32590858833755404,0.34548391107985454,7.538939163965428
e2e,go-zero,_openhands_gpt-5.3-codex_run_002,openhands,gpt-5.3-codex,23,1760,46.72772790000002,16329039,16329039,1762,0,1,94706282,884627,0,2,0.08695652173913043,21,0,0,0,0,0,0,0,0,0,1762,0.7339011409837246,0.5480487134070096,0.5106589367790668,0.7885300518898949,16.879726242625665
e2e,go-zero,_openhands_kimi-k2.5_run_002,openhands,kimi-k2.5,23,876,5.692940261999999,43026767,0,1880,0,5,30011552,322999,0,1,0.043478260869565216,22,0,0,0,0,0,0,0,0,0,1880,0.41366233496969385,0.314349683633753,0.29743385101093045,0.44971218235345267,9.514233704302958
e2e,go-zero,_openhands_kimi-k2.6_run_002,openhands,kimi-k2.6,23,4089,45.7871222,91404871,91404871,3900,0,1,147393144,2492987,0,1,0.043478260869565216,22,0,0,0,0,0,0,0,0,0,3900,0.4388991081617405,0.3438412106027136,0.3976727889488058,0.4914597045140333,10.09467948772003
e2e,go-zero,_openhands_minimax-m2.5_run_002,openhands,minimax-m2.5,23,775,1.6059948,43311443,0,3308,0,2,26869310,256604,0,0,0.0,23,0,0,0,0,0,0,0,0,0,3308,0.2166550281954568,0.15025447719124543,0.14424892989372573,0.23995107499322782,4.983065648495506
e2e,go-zero,_openhands_opus-4.6_run_002,openhands,claude-opus-4-6,23,1829,65.12914449999995,14549152,14549152,1762,0,1,67713952,535624,0,2,0.08695652173913043,21,0,0,0,0,0,0,0,0,0,1762,0.532954560609749,0.43101608052387486,0.434467038320006,0.5854134212289774,12.257954894024227
